 VIN  BELGIQUE NEDERLAND     RFA  ITALIE      UK  SUISSE     USA CANADA
 CHMP     7069      3786   12578    8037   13556    9664   10386    206
 MOS1     2436       586    2006      30    1217     471     997     51
 MOS2     3066       290   10439    1413    7214     112    3788    330
 ALSA     2422      1999   17183      57    1127     600     408    241
 GIRO    22986     22183   21023      56   30025    6544   13114   3447
 BOJO    17465     19840   72977    2364   39919   17327   17487   2346
 BORG     3784      2339    4828      98    7885    3191   11791   1188
 RHON     7950     10537    7552      24    8172   11691    1369   1798
 ANJO     2587       600    2101       0    7582     143     872    131
 AOCX    17200     22806   15979      50   20004    1279    4016    944
 VDQS     1976      1029    1346       0    2258     212    1017    487
 XXXX    38747     19151  191140    7992  101108    1029   26192  38503
 PROV     1375      1150    2514       0     284     401       9    236
 MUSC     2016      2908    1529       0   12891      18     716    653
 RHOF      785      1648    1009       6     775     643     542     35
 AOCF      160       246     135       8    1177      26       7      0
 XXXF       24      1533     160       0     480       0       0      0
 XXFF     2415        74     208       8    1705      12      36     47
